{"cells":[{"source":"<a href=\"https://www.kaggle.com/code/hugoguilhermepenco/lung-cancer-gridsearch-and-kfold?scriptVersionId=167034224\" target=\"_blank\"><img align=\"left\" alt=\"Kaggle\" title=\"Open in Kaggle\" src=\"https://kaggle.com/static/images/open-in-kaggle.svg\"></a>","metadata":{},"cell_type":"markdown"},{"cell_type":"code","execution_count":1,"id":"da0f9b6f","metadata":{"_cell_guid":"b1076dfc-b9ad-4769-8c92-a6c4dae69d19","_kg_hide-input":true,"_uuid":"8f2839f25d086af736a60e9eeb907d3b93b6e0e5","execution":{"iopub.execute_input":"2024-03-14T18:04:52.772692Z","iopub.status.busy":"2024-03-14T18:04:52.77227Z","iopub.status.idle":"2024-03-14T18:04:56.925869Z","shell.execute_reply":"2024-03-14T18:04:56.924918Z"},"papermill":{"duration":4.170922,"end_time":"2024-03-14T18:04:56.928758","exception":false,"start_time":"2024-03-14T18:04:52.757836","status":"completed"},"tags":[]},"outputs":[],"source":["# EDA and preprocessing\n","import pandas as pd\n","import numpy as np\n","import plotly\n","import matplotlib.pyplot as plt\n","import seaborn as sns\n","from plotly.subplots import make_subplots\n","import plotly.express as px\n","import plotly.graph_objects as go\n","import warnings\n","# Balance dataset\n","from imblearn.combine import SMOTEENN\n","from imblearn.over_sampling import SMOTE\n","# Machine Learning\n","from sklearn.model_selection import GridSearchCV\n","from sklearn.model_selection import train_test_split\n","from sklearn.metrics import recall_score, accuracy_score\n","from sklearn.metrics import classification_report\n","from sklearn.metrics import confusion_matrix\n","from sklearn.tree import DecisionTreeClassifier\n","from sklearn.ensemble import RandomForestClassifier\n","from sklearn.neighbors import KNeighborsClassifier\n","from sklearn.naive_bayes import GaussianNB\n","from xgboost import XGBClassifier\n","from sklearn.exceptions import ConvergenceWarning\n","from sklearn.linear_model import LogisticRegression\n","from sklearn.svm import SVC\n","# Metrics\n","from sklearn import metrics\n","from sklearn.metrics import roc_curve, auc\n","from sklearn.model_selection import cross_val_score\n","warnings.simplefilter(action='ignore', category=FutureWarning)\n","warnings.filterwarnings(\"ignore\", category=ConvergenceWarning)"]},{"cell_type":"markdown","id":"4045924b","metadata":{"papermill":{"duration":0.011578,"end_time":"2024-03-14T18:04:56.952629","exception":false,"start_time":"2024-03-14T18:04:56.941051","status":"completed"},"tags":[]},"source":["# Data Preparation and EDA"]},{"cell_type":"code","execution_count":2,"id":"b6566141","metadata":{"execution":{"iopub.execute_input":"2024-03-14T18:04:56.981094Z","iopub.status.busy":"2024-03-14T18:04:56.979012Z","iopub.status.idle":"2024-03-14T18:04:57.005705Z","shell.execute_reply":"2024-03-14T18:04:57.0046Z"},"papermill":{"duration":0.043355,"end_time":"2024-03-14T18:04:57.00852","exception":false,"start_time":"2024-03-14T18:04:56.965165","status":"completed"},"tags":[]},"outputs":[],"source":["df = pd.read_csv(\"/kaggle/input/lung-cancer-dataset/Lung_Cancer_Dataset.csv\")"]},{"cell_type":"code","execution_count":3,"id":"d9fc6db7","metadata":{"execution":{"iopub.execute_input":"2024-03-14T18:04:57.035475Z","iopub.status.busy":"2024-03-14T18:04:57.034639Z","iopub.status.idle":"2024-03-14T18:04:57.06561Z","shell.execute_reply":"2024-03-14T18:04:57.063616Z"},"papermill":{"duration":0.046969,"end_time":"2024-03-14T18:04:57.068141","exception":false,"start_time":"2024-03-14T18:04:57.021172","status":"completed"},"tags":[]},"outputs":[{"name":"stdout","output_type":"stream","text":["<class 'pandas.core.frame.DataFrame'>\n","RangeIndex: 309 entries, 0 to 308\n","Data columns (total 16 columns):\n"," #   Column                 Non-Null Count  Dtype \n","---  ------                 --------------  ----- \n"," 0   GENDER                 309 non-null    object\n"," 1   AGE                    309 non-null    int64 \n"," 2   SMOKING                309 non-null    int64 \n"," 3   YELLOW_FINGERS         309 non-null    int64 \n"," 4   ANXIETY                309 non-null    int64 \n"," 5   PEER_PRESSURE          309 non-null    int64 \n"," 6   CHRONIC DISEASE        309 non-null    int64 \n"," 7   FATIGUE                309 non-null    int64 \n"," 8   ALLERGY                309 non-null    int64 \n"," 9   WHEEZING               309 non-null    int64 \n"," 10  ALCOHOL CONSUMING      309 non-null    int64 \n"," 11  COUGHING               309 non-null    int64 \n"," 12  SHORTNESS OF BREATH    309 non-null    int64 \n"," 13  SWALLOWING DIFFICULTY  309 non-null    int64 \n"," 14  CHEST PAIN             309 non-null    int64 \n"," 15  LUNG_CANCER            309 non-null    object\n","dtypes: int64(14), object(2)\n","memory usage: 38.8+ KB\n"]}],"source":["df.info()"]},{"cell_type":"code","execution_count":4,"id":"10dfc5f3","metadata":{"execution":{"iopub.execute_input":"2024-03-14T18:04:57.094649Z","iopub.status.busy":"2024-03-14T18:04:57.093905Z","iopub.status.idle":"2024-03-14T18:04:57.103294Z","shell.execute_reply":"2024-03-14T18:04:57.10245Z"},"papermill":{"duration":0.025348,"end_time":"2024-03-14T18:04:57.105621","exception":false,"start_time":"2024-03-14T18:04:57.080273","status":"completed"},"tags":[]},"outputs":[{"data":{"text/plain":["GENDER                   0\n","AGE                      0\n","SMOKING                  0\n","YELLOW_FINGERS           0\n","ANXIETY                  0\n","PEER_PRESSURE            0\n","CHRONIC DISEASE          0\n","FATIGUE                  0\n","ALLERGY                  0\n","WHEEZING                 0\n","ALCOHOL CONSUMING        0\n","COUGHING                 0\n","SHORTNESS OF BREATH      0\n","SWALLOWING DIFFICULTY    0\n","CHEST PAIN               0\n","LUNG_CANCER              0\n","dtype: int64"]},"execution_count":4,"metadata":{},"output_type":"execute_result"}],"source":["df.isnull().sum()"]},{"cell_type":"markdown","id":"c6d41f52","metadata":{"papermill":{"duration":0.011755,"end_time":"2024-03-14T18:04:57.130399","exception":false,"start_time":"2024-03-14T18:04:57.118644","status":"completed"},"tags":[]},"source":["- no missing columns"]},{"cell_type":"code","execution_count":5,"id":"9cf70dbf","metadata":{"execution":{"iopub.execute_input":"2024-03-14T18:04:57.158127Z","iopub.status.busy":"2024-03-14T18:04:57.157385Z","iopub.status.idle":"2024-03-14T18:04:57.213293Z","shell.execute_reply":"2024-03-14T18:04:57.212417Z"},"papermill":{"duration":0.072787,"end_time":"2024-03-14T18:04:57.21569","exception":false,"start_time":"2024-03-14T18:04:57.142903","status":"completed"},"tags":[]},"outputs":[{"data":{"text/html":["<div>\n","<style scoped>\n","    .dataframe tbody tr th:only-of-type {\n","        vertical-align: middle;\n","    }\n","\n","    .dataframe tbody tr th {\n","        vertical-align: top;\n","    }\n","\n","    .dataframe thead th {\n","        text-align: right;\n","    }\n","</style>\n","<table border=\"1\" class=\"dataframe\">\n","  <thead>\n","    <tr style=\"text-align: right;\">\n","      <th></th>\n","      <th>AGE</th>\n","      <th>SMOKING</th>\n","      <th>YELLOW_FINGERS</th>\n","      <th>ANXIETY</th>\n","      <th>PEER_PRESSURE</th>\n","      <th>CHRONIC DISEASE</th>\n","      <th>FATIGUE</th>\n","      <th>ALLERGY</th>\n","      <th>WHEEZING</th>\n","      <th>ALCOHOL CONSUMING</th>\n","      <th>COUGHING</th>\n","      <th>SHORTNESS OF BREATH</th>\n","      <th>SWALLOWING DIFFICULTY</th>\n","      <th>CHEST PAIN</th>\n","    </tr>\n","  </thead>\n","  <tbody>\n","    <tr>\n","      <th>count</th>\n","      <td>309.000000</td>\n","      <td>309.000000</td>\n","      <td>309.000000</td>\n","      <td>309.000000</td>\n","      <td>309.000000</td>\n","      <td>309.000000</td>\n","      <td>309.000000</td>\n","      <td>309.000000</td>\n","      <td>309.000000</td>\n","      <td>309.000000</td>\n","      <td>309.000000</td>\n","      <td>309.000000</td>\n","      <td>309.000000</td>\n","      <td>309.000000</td>\n","    </tr>\n","    <tr>\n","      <th>mean</th>\n","      <td>62.673139</td>\n","      <td>1.563107</td>\n","      <td>1.569579</td>\n","      <td>1.498382</td>\n","      <td>1.501618</td>\n","      <td>1.504854</td>\n","      <td>1.673139</td>\n","      <td>1.556634</td>\n","      <td>1.556634</td>\n","      <td>1.556634</td>\n","      <td>1.579288</td>\n","      <td>1.640777</td>\n","      <td>1.469256</td>\n","      <td>1.556634</td>\n","    </tr>\n","    <tr>\n","      <th>std</th>\n","      <td>8.210301</td>\n","      <td>0.496806</td>\n","      <td>0.495938</td>\n","      <td>0.500808</td>\n","      <td>0.500808</td>\n","      <td>0.500787</td>\n","      <td>0.469827</td>\n","      <td>0.497588</td>\n","      <td>0.497588</td>\n","      <td>0.497588</td>\n","      <td>0.494474</td>\n","      <td>0.480551</td>\n","      <td>0.499863</td>\n","      <td>0.497588</td>\n","    </tr>\n","    <tr>\n","      <th>min</th>\n","      <td>21.000000</td>\n","      <td>1.000000</td>\n","      <td>1.000000</td>\n","      <td>1.000000</td>\n","      <td>1.000000</td>\n","      <td>1.000000</td>\n","      <td>1.000000</td>\n","      <td>1.000000</td>\n","      <td>1.000000</td>\n","      <td>1.000000</td>\n","      <td>1.000000</td>\n","      <td>1.000000</td>\n","      <td>1.000000</td>\n","      <td>1.000000</td>\n","    </tr>\n","    <tr>\n","      <th>25%</th>\n","      <td>57.000000</td>\n","      <td>1.000000</td>\n","      <td>1.000000</td>\n","      <td>1.000000</td>\n","      <td>1.000000</td>\n","      <td>1.000000</td>\n","      <td>1.000000</td>\n","      <td>1.000000</td>\n","      <td>1.000000</td>\n","      <td>1.000000</td>\n","      <td>1.000000</td>\n","      <td>1.000000</td>\n","      <td>1.000000</td>\n","      <td>1.000000</td>\n","    </tr>\n","    <tr>\n","      <th>50%</th>\n","      <td>62.000000</td>\n","      <td>2.000000</td>\n","      <td>2.000000</td>\n","      <td>1.000000</td>\n","      <td>2.000000</td>\n","      <td>2.000000</td>\n","      <td>2.000000</td>\n","      <td>2.000000</td>\n","      <td>2.000000</td>\n","      <td>2.000000</td>\n","      <td>2.000000</td>\n","      <td>2.000000</td>\n","      <td>1.000000</td>\n","      <td>2.000000</td>\n","    </tr>\n","    <tr>\n","      <th>75%</th>\n","      <td>69.000000</td>\n","      <td>2.000000</td>\n","      <td>2.000000</td>\n","      <td>2.000000</td>\n","      <td>2.000000</td>\n","      <td>2.000000</td>\n","      <td>2.000000</td>\n","      <td>2.000000</td>\n","      <td>2.000000</td>\n","      <td>2.000000</td>\n","      <td>2.000000</td>\n","      <td>2.000000</td>\n","      <td>2.000000</td>\n","      <td>2.000000</td>\n","    </tr>\n","    <tr>\n","      <th>max</th>\n","      <td>87.000000</td>\n","      <td>2.000000</td>\n","      <td>2.000000</td>\n","      <td>2.000000</td>\n","      <td>2.000000</td>\n","      <td>2.000000</td>\n","      <td>2.000000</td>\n","      <td>2.000000</td>\n","      <td>2.000000</td>\n","      <td>2.000000</td>\n","      <td>2.000000</td>\n","      <td>2.000000</td>\n","      <td>2.000000</td>\n","      <td>2.000000</td>\n","    </tr>\n","  </tbody>\n","</table>\n","</div>"],"text/plain":["              AGE     SMOKING  YELLOW_FINGERS     ANXIETY  PEER_PRESSURE  \\\n","count  309.000000  309.000000      309.000000  309.000000     309.000000   \n","mean    62.673139    1.563107        1.569579    1.498382       1.501618   \n","std      8.210301    0.496806        0.495938    0.500808       0.500808   \n","min     21.000000    1.000000        1.000000    1.000000       1.000000   \n","25%     57.000000    1.000000        1.000000    1.000000       1.000000   \n","50%     62.000000    2.000000        2.000000    1.000000       2.000000   \n","75%     69.000000    2.000000        2.000000    2.000000       2.000000   \n","max     87.000000    2.000000        2.000000    2.000000       2.000000   \n","\n","       CHRONIC DISEASE    FATIGUE     ALLERGY     WHEEZING  ALCOHOL CONSUMING  \\\n","count       309.000000  309.000000  309.000000  309.000000         309.000000   \n","mean          1.504854    1.673139    1.556634    1.556634           1.556634   \n","std           0.500787    0.469827    0.497588    0.497588           0.497588   \n","min           1.000000    1.000000    1.000000    1.000000           1.000000   \n","25%           1.000000    1.000000    1.000000    1.000000           1.000000   \n","50%           2.000000    2.000000    2.000000    2.000000           2.000000   \n","75%           2.000000    2.000000    2.000000    2.000000           2.000000   \n","max           2.000000    2.000000    2.000000    2.000000           2.000000   \n","\n","         COUGHING  SHORTNESS OF BREATH  SWALLOWING DIFFICULTY  CHEST PAIN  \n","count  309.000000           309.000000             309.000000  309.000000  \n","mean     1.579288             1.640777               1.469256    1.556634  \n","std      0.494474             0.480551               0.499863    0.497588  \n","min      1.000000             1.000000               1.000000    1.000000  \n","25%      1.000000             1.000000               1.000000    1.000000  \n","50%      2.000000             2.000000               1.000000    2.000000  \n","75%      2.000000             2.000000               2.000000    2.000000  \n","max      2.000000             2.000000               2.000000    2.000000  "]},"execution_count":5,"metadata":{},"output_type":"execute_result"}],"source":["df.describe()"]},{"cell_type":"code","execution_count":6,"id":"65287e1e","metadata":{"execution":{"iopub.execute_input":"2024-03-14T18:04:57.244181Z","iopub.status.busy":"2024-03-14T18:04:57.243465Z","iopub.status.idle":"2024-03-14T18:04:57.251438Z","shell.execute_reply":"2024-03-14T18:04:57.250224Z"},"papermill":{"duration":0.025107,"end_time":"2024-03-14T18:04:57.254298","exception":false,"start_time":"2024-03-14T18:04:57.229191","status":"completed"},"tags":[]},"outputs":[],"source":["# lowercasing column names\n","df.columns = [col.lower() for col in df.columns]\n","# Labeling gender\n","df['gender'] = df['gender'].apply(lambda x: 0 if x == 'M' else 1)\n","# Labeling lung_cancer\n","df['lung_cancer'] = df['lung_cancer'].apply(lambda x: 0 if x == 'NO' else 1)"]},{"cell_type":"code","execution_count":7,"id":"76ca09fb","metadata":{"execution":{"iopub.execute_input":"2024-03-14T18:04:57.28167Z","iopub.status.busy":"2024-03-14T18:04:57.281231Z","iopub.status.idle":"2024-03-14T18:04:57.297072Z","shell.execute_reply":"2024-03-14T18:04:57.295796Z"},"papermill":{"duration":0.032602,"end_time":"2024-03-14T18:04:57.299618","exception":false,"start_time":"2024-03-14T18:04:57.267016","status":"completed"},"tags":[]},"outputs":[{"data":{"text/html":["<div>\n","<style scoped>\n","    .dataframe tbody tr th:only-of-type {\n","        vertical-align: middle;\n","    }\n","\n","    .dataframe tbody tr th {\n","        vertical-align: top;\n","    }\n","\n","    .dataframe thead th {\n","        text-align: right;\n","    }\n","</style>\n","<table border=\"1\" class=\"dataframe\">\n","  <thead>\n","    <tr style=\"text-align: right;\">\n","      <th></th>\n","      <th>gender</th>\n","      <th>age</th>\n","      <th>smoking</th>\n","      <th>yellow_fingers</th>\n","      <th>anxiety</th>\n","      <th>peer_pressure</th>\n","      <th>chronic disease</th>\n","      <th>fatigue</th>\n","      <th>allergy</th>\n","      <th>wheezing</th>\n","      <th>alcohol consuming</th>\n","      <th>coughing</th>\n","      <th>shortness of breath</th>\n","      <th>swallowing difficulty</th>\n","      <th>chest pain</th>\n","      <th>lung_cancer</th>\n","    </tr>\n","  </thead>\n","  <tbody>\n","    <tr>\n","      <th>0</th>\n","      <td>0</td>\n","      <td>69</td>\n","      <td>1</td>\n","      <td>2</td>\n","      <td>2</td>\n","      <td>1</td>\n","      <td>1</td>\n","      <td>2</td>\n","      <td>1</td>\n","      <td>2</td>\n","      <td>2</td>\n","      <td>2</td>\n","      <td>2</td>\n","      <td>2</td>\n","      <td>2</td>\n","      <td>1</td>\n","    </tr>\n","    <tr>\n","      <th>1</th>\n","      <td>0</td>\n","      <td>74</td>\n","      <td>2</td>\n","      <td>1</td>\n","      <td>1</td>\n","      <td>1</td>\n","      <td>2</td>\n","      <td>2</td>\n","      <td>2</td>\n","      <td>1</td>\n","      <td>1</td>\n","      <td>1</td>\n","      <td>2</td>\n","      <td>2</td>\n","      <td>2</td>\n","      <td>1</td>\n","    </tr>\n","    <tr>\n","      <th>2</th>\n","      <td>1</td>\n","      <td>59</td>\n","      <td>1</td>\n","      <td>1</td>\n","      <td>1</td>\n","      <td>2</td>\n","      <td>1</td>\n","      <td>2</td>\n","      <td>1</td>\n","      <td>2</td>\n","      <td>1</td>\n","      <td>2</td>\n","      <td>2</td>\n","      <td>1</td>\n","      <td>2</td>\n","      <td>0</td>\n","    </tr>\n","  </tbody>\n","</table>\n","</div>"],"text/plain":["   gender  age  smoking  yellow_fingers  anxiety  peer_pressure  \\\n","0       0   69        1               2        2              1   \n","1       0   74        2               1        1              1   \n","2       1   59        1               1        1              2   \n","\n","   chronic disease  fatigue   allergy   wheezing  alcohol consuming  coughing  \\\n","0                1         2         1         2                  2         2   \n","1                2         2         2         1                  1         1   \n","2                1         2         1         2                  1         2   \n","\n","   shortness of breath  swallowing difficulty  chest pain  lung_cancer  \n","0                    2                      2           2            1  \n","1                    2                      2           2            1  \n","2                    2                      1           2            0  "]},"execution_count":7,"metadata":{},"output_type":"execute_result"}],"source":["df.head(3)"]},{"cell_type":"code","execution_count":8,"id":"e2e0cf21","metadata":{"_kg_hide-input":true,"execution":{"iopub.execute_input":"2024-03-14T18:04:57.328462Z","iopub.status.busy":"2024-03-14T18:04:57.327588Z","iopub.status.idle":"2024-03-14T18:04:57.644223Z","shell.execute_reply":"2024-03-14T18:04:57.642336Z"},"papermill":{"duration":0.334905,"end_time":"2024-03-14T18:04:57.647673","exception":false,"start_time":"2024-03-14T18:04:57.312768","status":"completed"},"tags":[]},"outputs":[{"data":{"text/html":["        <script type=\"text/javascript\">\n","        window.PlotlyConfig = {MathJaxConfig: 'local'};\n","        if (window.MathJax && window.MathJax.Hub && window.MathJax.Hub.Config) {window.MathJax.Hub.Config({SVG: {font: \"STIX-Web\"}});}\n","        if (typeof require !== 'undefined') {\n","        require.undef(\"plotly\");\n","        requirejs.config({\n","            paths: {\n","                'plotly': ['https://cdn.plot.ly/plotly-2.27.0.min']\n","            }\n","        });\n","        require(['plotly'], function(Plotly) {\n","            window._Plotly = Plotly;\n","        });\n","        }\n","        </script>\n","        "]},"metadata":{},"output_type":"display_data"},{"data":{"text/html":["<div>                            <div id=\"142ec057-a446-48ee-ad95-3de3842c289e\" class=\"plotly-graph-div\" style=\"height:525px; width:100%;\"></div>            <script type=\"text/javascript\">                require([\"plotly\"], function(Plotly) {                    window.PLOTLYENV=window.PLOTLYENV || {};                                    if (document.getElementById(\"142ec057-a446-48ee-ad95-3de3842c289e\")) {                    Plotly.newPlot(                        \"142ec057-a446-48ee-ad95-3de3842c289e\",                        [{\"hole\":0.3,\"labels\":[\"Male\",\"Female\"],\"marker\":{\"colors\":[\"#fde725\",\"#440154\"]},\"values\":[162,147],\"type\":\"pie\",\"textinfo\":\"percent+label\",\"textposition\":\"outside\"}],                        {\"template\":{\"data\":{\"histogram2dcontour\":[{\"type\":\"histogram2dcontour\",\"colorbar\":{\"outlinewidth\":0,\"ticks\":\"\"},\"colorscale\":[[0.0,\"#0d0887\"],[0.1111111111111111,\"#46039f\"],[0.2222222222222222,\"#7201a8\"],[0.3333333333333333,\"#9c179e\"],[0.4444444444444444,\"#bd3786\"],[0.5555555555555556,\"#d8576b\"],[0.6666666666666666,\"#ed7953\"],[0.7777777777777778,\"#fb9f3a\"],[0.8888888888888888,\"#fdca26\"],[1.0,\"#f0f921\"]]}],\"choropleth\":[{\"type\":\"choropleth\",\"colorbar\":{\"outlinewidth\":0,\"ticks\":\"\"}}],\"histogram2d\":[{\"type\":\"histogram2d\",\"colorbar\":{\"outlinewidth\":0,\"ticks\":\"\"},\"colorscale\":[[0.0,\"#0d0887\"],[0.1111111111111111,\"#46039f\"],[0.2222222222222222,\"#7201a8\"],[0.3333333333333333,\"#9c179e\"],[0.4444444444444444,\"#bd3786\"],[0.5555555555555556,\"#d8576b\"],[0.6666666666666666,\"#ed7953\"],[0.7777777777777778,\"#fb9f3a\"],[0.8888888888888888,\"#fdca26\"],[1.0,\"#f0f921\"]]}],\"heatmap\":[{\"type\":\"heatmap\",\"colorbar\":{\"outlinewidth\":0,\"ticks\":\"\"},\"colorscale\":[[0.0,\"#0d0887\"],[0.1111111111111111,\"#46039f\"],[0.2222222222222222,\"#7201a8\"],[0.3333333333333333,\"#9c179e\"],[0.4444444444444444,\"#bd3786\"],[0.5555555555555556,\"#d8576b\"],[0.6666666666666666,\"#ed7953\"],[0.7777777777777778,\"#fb9f3a\"],[0.8888888888888888,\"#fdca26\"],[1.0,\"#f0f921\"]]}],\"heatmapgl\":[{\"type\":\"heatmapgl\",\"colorbar\":{\"outlinewidth\":0,\"ticks\":\"\"},\"colorscale\":[[0.0,\"#0d0887\"],[0.1111111111111111,\"#46039f\"],[0.2222222222222222,\"#7201a8\"],[0.3333333333333333,\"#9c179e\"],[0.4444444444444444,\"#bd3786\"],[0.5555555555555556,\"#d8576b\"],[0.6666666666666666,\"#ed7953\"],[0.7777777777777778,\"#fb9f3a\"],[0.8888888888888888,\"#fdca26\"],[1.0,\"#f0f921\"]]}],\"contourcarpet\":[{\"type\":\"contourcarpet\",\"colorbar\":{\"outlinewidth\":0,\"ticks\":\"\"}}],\"contour\":[{\"type\":\"contour\",\"colorbar\":{\"outlinewidth\":0,\"ticks\":\"\"},\"colorscale\":[[0.0,\"#0d0887\"],[0.1111111111111111,\"#46039f\"],[0.2222222222222222,\"#7201a8\"],[0.3333333333333333,\"#9c179e\"],[0.4444444444444444,\"#bd3786\"],[0.5555555555555556,\"#d8576b\"],[0.6666666666666666,\"#ed7953\"],[0.7777777777777778,\"#fb9f3a\"],[0.8888888888888888,\"#fdca26\"],[1.0,\"#f0f921\"]]}],\"surface\":[{\"type\":\"surface\",\"colorbar\":{\"outlinewidth\":0,\"ticks\":\"\"},\"colorscale\":[[0.0,\"#0d0887\"],[0.1111111111111111,\"#46039f\"],[0.2222222222222222,\"#7201a8\"],[0.3333333333333333,\"#9c179e\"],[0.4444444444444444,\"#bd3786\"],[0.5555555555555556,\"#d8576b\"],[0.6666666666666666,\"#ed7953\"],[0.7777777777777778,\"#fb9f3a\"],[0.8888888888888888,\"#fdca26\"],[1.0,\"#f0f921\"]]}],\"mesh3d\":[{\"type\":\"mesh3d\",\"colorbar\":{\"outlinewidth\":0,\"ticks\":\"\"}}],\"scatter\":[{\"fillpattern\":{\"fillmode\":\"overlay\",\"size\":10,\"solidity\":0.2},\"type\":\"scatter\"}],\"parcoords\":[{\"type\":\"parcoords\",\"line\":{\"colorbar\":{\"outlinewidth\":0,\"ticks\":\"\"}}}],\"scatterpolargl\":[{\"type\":\"scatterpolargl\",\"marker\":{\"colorbar\":{\"outlinewidth\":0,\"ticks\":\"\"}}}],\"bar\":[{\"error_x\":{\"color\":\"#2a3f5f\"},\"error_y\":{\"color\":\"#2a3f5f\"},\"marker\":{\"line\":{\"color\":\"#E5ECF6\",\"width\":0.5},\"pattern\":{\"fillmode\":\"overlay\",\"size\":10,\"solidity\":0.2}},\"type\":\"bar\"}],\"scattergeo\":[{\"type\":\"scattergeo\",\"marker\":{\"colorbar\":{\"outlinewidth\":0,\"ticks\":\"\"}}}],\"scatterpolar\":[{\"type\":\"scatterpolar\",\"marker\":{\"colorbar\":{\"outlinewidth\":0,\"ticks\":\"\"}}}],\"histogram\":[{\"marker\":{\"pattern\":{\"fillmode\":\"overlay\",\"size\":10,\"solidity\":0.2}},\"type\":\"histogram\"}],\"scattergl\":[{\"type\":\"scattergl\",\"marker\":{\"colorbar\":{\"outlinewidth\":0,\"ticks\":\"\"}}}],\"scatter3d\":[{\"type\":\"scatter3d\",\"line\":{\"colorbar\":{\"outlinewidth\":0,\"ticks\":\"\"}},\"marker\":{\"colorbar\":{\"outlinewidth\":0,\"ticks\":\"\"}}}],\"scattermapbox\":[{\"type\":\"scattermapbox\",\"marker\":{\"colorbar\":{\"outlinewidth\":0,\"ticks\":\"\"}}}],\"scatterternary\":[{\"type\":\"scatterternary\",\"marker\":{\"colorbar\":{\"outlinewidth\":0,\"ticks\":\"\"}}}],\"scattercarpet\":[{\"type\":\"scattercarpet\",\"marker\":{\"colorbar\":{\"outlinewidth\":0,\"ticks\":\"\"}}}],\"carpet\":[{\"aaxis\":{\"endlinecolor\":\"#2a3f5f\",\"gridcolor\":\"white\",\"linecolor\":\"white\",\"minorgridcolor\":\"white\",\"startlinecolor\":\"#2a3f5f\"},\"baxis\":{\"endlinecolor\":\"#2a3f5f\",\"gridcolor\":\"white\",\"linecolor\":\"white\",\"minorgridcolor\":\"white\",\"startlinecolor\":\"#2a3f5f\"},\"type\":\"carpet\"}],\"table\":[{\"cells\":{\"fill\":{\"color\":\"#EBF0F8\"},\"line\":{\"color\":\"white\"}},\"header\":{\"fill\":{\"color\":\"#C8D4E3\"},\"line\":{\"color\":\"white\"}},\"type\":\"table\"}],\"barpolar\":[{\"marker\":{\"line\":{\"color\":\"#E5ECF6\",\"width\":0.5},\"pattern\":{\"fillmode\":\"overlay\",\"size\":10,\"solidity\":0.2}},\"type\":\"barpolar\"}],\"pie\":[{\"automargin\":true,\"type\":\"pie\"}]},\"layout\":{\"autotypenumbers\":\"strict\",\"colorway\":[\"#636efa\",\"#EF553B\",\"#00cc96\",\"#ab63fa\",\"#FFA15A\",\"#19d3f3\",\"#FF6692\",\"#B6E880\",\"#FF97FF\",\"#FECB52\"],\"font\":{\"color\":\"#2a3f5f\"},\"hovermode\":\"closest\",\"hoverlabel\":{\"align\":\"left\"},\"paper_bgcolor\":\"white\",\"plot_bgcolor\":\"#E5ECF6\",\"polar\":{\"bgcolor\":\"#E5ECF6\",\"angularaxis\":{\"gridcolor\":\"white\",\"linecolor\":\"white\",\"ticks\":\"\"},\"radialaxis\":{\"gridcolor\":\"white\",\"linecolor\":\"white\",\"ticks\":\"\"}},\"ternary\":{\"bgcolor\":\"#E5ECF6\",\"aaxis\":{\"gridcolor\":\"white\",\"linecolor\":\"white\",\"ticks\":\"\"},\"baxis\":{\"gridcolor\":\"white\",\"linecolor\":\"white\",\"ticks\":\"\"},\"caxis\":{\"gridcolor\":\"white\",\"linecolor\":\"white\",\"ticks\":\"\"}},\"coloraxis\":{\"colorbar\":{\"outlinewidth\":0,\"ticks\":\"\"}},\"colorscale\":{\"sequential\":[[0.0,\"#0d0887\"],[0.1111111111111111,\"#46039f\"],[0.2222222222222222,\"#7201a8\"],[0.3333333333333333,\"#9c179e\"],[0.4444444444444444,\"#bd3786\"],[0.5555555555555556,\"#d8576b\"],[0.6666666666666666,\"#ed7953\"],[0.7777777777777778,\"#fb9f3a\"],[0.8888888888888888,\"#fdca26\"],[1.0,\"#f0f921\"]],\"sequentialminus\":[[0.0,\"#0d0887\"],[0.1111111111111111,\"#46039f\"],[0.2222222222222222,\"#7201a8\"],[0.3333333333333333,\"#9c179e\"],[0.4444444444444444,\"#bd3786\"],[0.5555555555555556,\"#d8576b\"],[0.6666666666666666,\"#ed7953\"],[0.7777777777777778,\"#fb9f3a\"],[0.8888888888888888,\"#fdca26\"],[1.0,\"#f0f921\"]],\"diverging\":[[0,\"#8e0152\"],[0.1,\"#c51b7d\"],[0.2,\"#de77ae\"],[0.3,\"#f1b6da\"],[0.4,\"#fde0ef\"],[0.5,\"#f7f7f7\"],[0.6,\"#e6f5d0\"],[0.7,\"#b8e186\"],[0.8,\"#7fbc41\"],[0.9,\"#4d9221\"],[1,\"#276419\"]]},\"xaxis\":{\"gridcolor\":\"white\",\"linecolor\":\"white\",\"ticks\":\"\",\"title\":{\"standoff\":15},\"zerolinecolor\":\"white\",\"automargin\":true,\"zerolinewidth\":2},\"yaxis\":{\"gridcolor\":\"white\",\"linecolor\":\"white\",\"ticks\":\"\",\"title\":{\"standoff\":15},\"zerolinecolor\":\"white\",\"automargin\":true,\"zerolinewidth\":2},\"scene\":{\"xaxis\":{\"backgroundcolor\":\"#E5ECF6\",\"gridcolor\":\"white\",\"linecolor\":\"white\",\"showbackground\":true,\"ticks\":\"\",\"zerolinecolor\":\"white\",\"gridwidth\":2},\"yaxis\":{\"backgroundcolor\":\"#E5ECF6\",\"gridcolor\":\"white\",\"linecolor\":\"white\",\"showbackground\":true,\"ticks\":\"\",\"zerolinecolor\":\"white\",\"gridwidth\":2},\"zaxis\":{\"backgroundcolor\":\"#E5ECF6\",\"gridcolor\":\"white\",\"linecolor\":\"white\",\"showbackground\":true,\"ticks\":\"\",\"zerolinecolor\":\"white\",\"gridwidth\":2}},\"shapedefaults\":{\"line\":{\"color\":\"#2a3f5f\"}},\"annotationdefaults\":{\"arrowcolor\":\"#2a3f5f\",\"arrowhead\":0,\"arrowwidth\":1},\"geo\":{\"bgcolor\":\"white\",\"landcolor\":\"#E5ECF6\",\"subunitcolor\":\"white\",\"showland\":true,\"showlakes\":true,\"lakecolor\":\"white\"},\"title\":{\"x\":0.05},\"mapbox\":{\"style\":\"light\"}}},\"title\":{\"font\":{\"size\":24},\"text\":\"Gender Distribution\"}},                        {\"responsive\": true}                    ).then(function(){\n","                            \n","var gd = document.getElementById('142ec057-a446-48ee-ad95-3de3842c289e');\n","var x = new MutationObserver(function (mutations, observer) {{\n","        var display = window.getComputedStyle(gd).display;\n","        if (!display || display === 'none') {{\n","            console.log([gd, 'removed!']);\n","            Plotly.purge(gd);\n","            observer.disconnect();\n","        }}\n","}});\n","\n","// Listen for the removal of the full notebook cells\n","var notebookContainer = gd.closest('#notebook-container');\n","if (notebookContainer) {{\n","    x.observe(notebookContainer, {childList: true});\n","}}\n","\n","// Listen for the clearing of the current output cell\n","var outputEl = gd.closest('.output');\n","if (outputEl) {{\n","    x.observe(outputEl, {childList: true});\n","}}\n","\n","                        })                };                });            </script>        </div>"]},"metadata":{},"output_type":"display_data"}],"source":["# gender Distribution\n","gender_dist = df['gender'].value_counts().reset_index(name = 'count')\n","colors = ['#fde725', '#440154']\n","labels = ['Male', 'Female']\n","fig = go.Figure(data=[go.Pie(labels=labels, \n","                             values=gender_dist['count'], \n","                             hole=.3,\n","                             marker=dict(colors=colors)\n","                            )])\n","\n","fig.update_traces(textposition='outside', textinfo='percent+label')\n","fig.update_layout(\n","    title=dict(\n","        text=\"Gender Distribution\",\n","        font=dict(\n","            size=24\n","        )\n","    )\n",")\n","\n","fig.show()"]},{"cell_type":"code","execution_count":9,"id":"4aa72cc4","metadata":{"execution":{"iopub.execute_input":"2024-03-14T18:04:57.682238Z","iopub.status.busy":"2024-03-14T18:04:57.680746Z","iopub.status.idle":"2024-03-14T18:04:59.384789Z","shell.execute_reply":"2024-03-14T18:04:59.383582Z"},"papermill":{"duration":1.725017,"end_time":"2024-03-14T18:04:59.387331","exception":false,"start_time":"2024-03-14T18:04:57.662314","status":"completed"},"tags":[]},"outputs":[{"data":{"text/html":["<div>                            <div id=\"c98bedce-631b-4f7d-98f3-3cbe63eda82b\" class=\"plotly-graph-div\" style=\"height:900px; width:100%;\"></div>            <script type=\"text/javascript\">                require([\"plotly\"], function(Plotly) {                    window.PLOTLYENV=window.PLOTLYENV || {};                                    if (document.getElementById(\"c98bedce-631b-4f7d-98f3-3cbe63eda82b\")) {                    Plotly.newPlot(                        \"c98bedce-631b-4f7d-98f3-3cbe63eda82b\",                        [{\"coloraxis\":\"coloraxis\",\"name\":\"0\",\"texttemplate\":\"%{z}\",\"x\":[\"gender\",\"age\",\"smoking\",\"yellow_fingers\",\"anxiety\",\"peer_pressure\",\"chronic disease\",\"fatigue \",\"allergy \",\"wheezing\",\"alcohol consuming\",\"coughing\",\"shortness of breath\",\"swallowing difficulty\",\"chest pain\",\"lung_cancer\"],\"y\":[\"gender\",\"age\",\"smoking\",\"yellow_fingers\",\"anxiety\",\"peer_pressure\",\"chronic disease\",\"fatigue \",\"allergy \",\"wheezing\",\"alcohol consuming\",\"coughing\",\"shortness of breath\",\"swallowing difficulty\",\"chest pain\",\"lung_cancer\"],\"z\":[[1.0,-0.021306437683086526,-0.03627685296952901,0.21295946151214618,0.15212660436211878,0.27556432055669183,0.2046056427235997,0.08356045042909487,-0.15425095493512728,-0.14120674446031775,-0.4542677958557486,-0.1333025855034392,0.06491068533407988,0.07816113268939864,-0.3629583225320813,-0.06725417467830652],[-0.021306437683086526,1.0,-0.08447456089493073,0.005204871909967298,0.0531703550042854,0.018685136530558862,-0.012642128434022373,0.012614461887370308,0.02799048504995818,0.055011346571124886,0.05898500267717914,0.16995034842042056,-0.017512736866452383,-0.0012698781589155536,-0.018103925780267774,0.08946457606623369],[-0.03627685296952901,-0.08447456089493073,1.0,-0.01458486599755353,0.16026698331642034,-0.04282232439600785,-0.14152230873655042,-0.02957545990974724,0.0019126984166502085,-0.12942592619332133,-0.050622751427338554,-0.12947106514871795,0.061263759252045934,0.030717734839210167,0.1201174605656242,0.058178885852038946],[0.21295946151214618,0.005204871909967298,-0.01458486599755353,1.0,0.5658292925538109,0.3230832379239967,0.041122176800110585,-0.11805792165914558,-0.14429952696497447,-0.0785152929251735,-0.2890248418525368,-0.012639842719248097,-0.1059442844028709,0.3459037723215422,-0.10482898654109389,0.1813389627106578],[0.15212660436211878,0.0531703550042854,0.16026698331642034,0.5658292925538109,1.0,0.21684122329283592,-0.00967782480215883,-0.188538333970761,-0.1657495382792879,-0.19180733900597308,-0.16574953827928812,-0.22564407376360934,-0.14407666457207527,0.48940276173565905,-0.11363393682591734,0.14494713288731156],[0.27556432055669183,0.018685136530558862,-0.04282232439600785,0.3230832379239967,0.21684122329283592,1.0,0.04851481004718551,0.07814829096372149,-0.0817995686242226,-0.0687706682608799,-0.15997297080427855,-0.08901866618203307,-0.2201753392233261,0.36659037058312544,-0.09482846898756501,0.186387631715407],[0.2046056427235997,-0.012642128434022373,-0.14152230873655042,0.041122176800110585,-0.00967782480215883,0.04851481004718551,1.0,-0.11052864204447549,0.10638606092499381,-0.04996729377571046,0.0021504911245242473,-0.17528670960537432,-0.026458823245191894,0.07517642102577365,-0.036937847550651805,0.11089109464241353],[0.08356045042909487,0.012614461887370308,-0.02957545990974724,-0.11805792165914558,-0.188538333970761,0.07814829096372149,-0.11052864204447549,1.0,0.0030562723422628175,0.1419368831892054,-0.19137658284345696,0.14685601613024923,0.44174464207468905,-0.13279007527515307,-0.01083178874243148,0.1506729587561161],[-0.15425095493512728,0.02799048504995818,0.0019126984166502085,-0.14429952696497447,-0.1657495382792879,-0.0817995686242226,0.10638606092499381,0.0030562723422628175,1.0,0.17386691563401785,0.3443388219317608,0.1895241681886071,-0.030056437949431025,-0.06150790611685283,0.239433033440842,0.3277656462844022],[-0.14120674446031775,0.055011346571124886,-0.12942592619332133,-0.0785152929251735,-0.19180733900597308,-0.0687706682608799,-0.04996729377571046,0.1419368831892054,0.17386691563401785,1.0,0.26565948056357175,0.37426539206961507,0.037834200401257526,0.0690274166174022,0.14764046851128837,0.2492999598990595],[-0.4542677958557486,0.05898500267717914,-0.050622751427338554,-0.2890248418525368,-0.16574953827928812,-0.15997297080427855,0.0021504911245242473,-0.19137658284345696,0.3443388219317608,0.26565948056357175,1.0,0.20271996989439328,-0.17941584232094607,-0.00929377702315091,0.33122559837039584,0.2885328030917305],[-0.1333025855034392,0.16995034842042056,-0.12947106514871795,-0.012639842719248097,-0.22564407376360934,-0.08901866618203307,-0.17528670960537432,0.14685601613024923,0.1895241681886071,0.37426539206961507,0.20271996989439328,1.0,0.2773850249781287,-0.15758630380588023,0.08395775454231671,0.2485700808459641],[0.06491068533407988,-0.017512736866452383,0.061263759252045934,-0.1059442844028709,-0.14407666457207527,-0.2201753392233261,-0.026458823245191894,0.44174464207468905,-0.030056437949431025,0.037834200401257526,-0.17941584232094607,0.2773850249781287,1.0,-0.1610148040269677,0.024256072731119682,0.060738449475721774],[0.07816113268939864,-0.0012698781589155536,0.030717734839210167,0.3459037723215422,0.48940276173565905,0.36659037058312544,0.07517642102577365,-0.13279007527515307,-0.06150790611685283,0.0690274166174022,-0.00929377702315091,-0.15758630380588023,-0.1610148040269677,1.0,0.0690274166174021,0.25972975816128163],[-0.3629583225320813,-0.018103925780267774,0.1201174605656242,-0.10482898654109389,-0.11363393682591734,-0.09482846898756501,-0.036937847550651805,-0.01083178874243148,0.239433033440842,0.14764046851128837,0.33122559837039584,0.08395775454231671,0.024256072731119682,0.0690274166174021,1.0,0.19045069511005336],[-0.06725417467830652,0.08946457606623369,0.058178885852038946,0.1813389627106578,0.14494713288731156,0.186387631715407,0.11089109464241353,0.1506729587561161,0.3277656462844022,0.2492999598990595,0.2885328030917305,0.2485700808459641,0.060738449475721774,0.25972975816128163,0.19045069511005336,1.0]],\"type\":\"heatmap\",\"xaxis\":\"x\",\"yaxis\":\"y\",\"hovertemplate\":\"x: %{x}\\u003cbr\\u003ey: %{y}\\u003cbr\\u003ecolor: %{z}\\u003cextra\\u003e\\u003c\\u002fextra\\u003e\"}],                        {\"template\":{\"data\":{\"histogram2dcontour\":[{\"type\":\"histogram2dcontour\",\"colorbar\":{\"outlinewidth\":0,\"ticks\":\"\"},\"colorscale\":[[0.0,\"#0d0887\"],[0.1111111111111111,\"#46039f\"],[0.2222222222222222,\"#7201a8\"],[0.3333333333333333,\"#9c179e\"],[0.4444444444444444,\"#bd3786\"],[0.5555555555555556,\"#d8576b\"],[0.6666666666666666,\"#ed7953\"],[0.7777777777777778,\"#fb9f3a\"],[0.8888888888888888,\"#fdca26\"],[1.0,\"#f0f921\"]]}],\"choropleth\":[{\"type\":\"choropleth\",\"colorbar\":{\"outlinewidth\":0,\"ticks\":\"\"}}],\"histogram2d\":[{\"type\":\"histogram2d\",\"colorbar\":{\"outlinewidth\":0,\"ticks\":\"\"},\"colorscale\":[[0.0,\"#0d0887\"],[0.1111111111111111,\"#46039f\"],[0.2222222222222222,\"#7201a8\"],[0.3333333333333333,\"#9c179e\"],[0.4444444444444444,\"#bd3786\"],[0.5555555555555556,\"#d8576b\"],[0.6666666666666666,\"#ed7953\"],[0.7777777777777778,\"#fb9f3a\"],[0.8888888888888888,\"#fdca26\"],[1.0,\"#f0f921\"]]}],\"heatmap\":[{\"type\":\"heatmap\",\"colorbar\":{\"outlinewidth\":0,\"ticks\":\"\"},\"colorscale\":[[0.0,\"#0d0887\"],[0.1111111111111111,\"#46039f\"],[0.2222222222222222,\"#7201a8\"],[0.3333333333333333,\"#9c179e\"],[0.4444444444444444,\"#bd3786\"],[0.5555555555555556,\"#d8576b\"],[0.6666666666666666,\"#ed7953\"],[0.7777777777777778,\"#fb9f3a\"],[0.8888888888888888,\"#fdca26\"],[1.0,\"#f0f921\"]]}],\"heatmapgl\":[{\"type\":\"heatmapgl\",\"colorbar\":{\"outlinewidth\":0,\"ticks\":\"\"},\"colorscale\":[[0.0,\"#0d0887\"],[0.1111111111111111,\"#46039f\"],[0.2222222222222222,\"#7201a8\"],[0.3333333333333333,\"#9c179e\"],[0.4444444444444444,\"#bd3786\"],[0.5555555555555556,\"#d8576b\"],[0.6666666666666666,\"#ed7953\"],[0.7777777777777778,\"#fb9f3a\"],[0.8888888888888888,\"#fdca26\"],[1.0,\"#f0f921\"]]}],\"contourcarpet\":[{\"type\":\"contourcarpet\",\"colorbar\":{\"outlinewidth\":0,\"ticks\":\"\"}}],\"contour\":[{\"type\":\"contour\",\"colorbar\":{\"outlinewidth\":0,\"ticks\":\"\"},\"colorscale\":[[0.0,\"#0d0887\"],[0.1111111111111111,\"#46039f\"],[0.2222222222222222,\"#7201a8\"],[0.3333333333333333,\"#9c179e\"],[0.4444444444444444,\"#bd3786\"],[0.5555555555555556,\"#d8576b\"],[0.6666666666666666,\"#ed7953\"],[0.7777777777777778,\"#fb9f3a\"],[0.8888888888888888,\"#fdca26\"],[1.0,\"#f0f921\"]]}],\"surface\":[{\"type\":\"surface\",\"colorbar\":{\"outlinewidth\":0,\"ticks\":\"\"},\"colorscale\":[[0.0,\"#0d0887\"],[0.1111111111111111,\"#46039f\"],[0.2222222222222222,\"#7201a8\"],[0.3333333333333333,\"#9c179e\"],[0.4444444444444444,\"#bd3786\"],[0.5555555555555556,\"#d8576b\"],[0.6666666666666666,\"#ed7953\"],[0.7777777777777778,\"#fb9f3a\"],[0.8888888888888888,\"#fdca26\"],[1.0,\"#f0f921\"]]}],\"mesh3d\":[{\"type\":\"mesh3d\",\"colorbar\":{\"outlinewidth\":0,\"ticks\":\"\"}}],\"scatter\":[{\"fillpattern\":{\"fillmode\":\"overlay\",\"size\":10,\"solidity\":0.2},\"type\":\"scatter\"}],\"parcoords\":[{\"type\":\"parcoords\",\"line\":{\"colorbar\":{\"outlinewidth\":0,\"ticks\":\"\"}}}],\"scatterpolargl\":[{\"type\":\"scatterpolargl\",\"marker\":{\"colorbar\":{\"outlinewidth\":0,\"ticks\":\"\"}}}],\"bar\":[{\"error_x\":{\"color\":\"#2a3f5f\"},\"error_y\":{\"color\":\"#2a3f5f\"},\"marker\":{\"line\":{\"color\":\"#E5ECF6\",\"width\":0.5},\"pattern\":{\"fillmode\":\"overlay\",\"size\":10,\"solidity\":0.2}},\"type\":\"bar\"}],\"scattergeo\":[{\"type\":\"scattergeo\",\"marker\":{\"colorbar\":{\"outlinewidth\":0,\"ticks\":\"\"}}}],\"scatterpolar\":[{\"type\":\"scatterpolar\",\"marker\":{\"colorbar\":{\"outlinewidth\":0,\"ticks\":\"\"}}}]